1.000000
8

1.000000	

0.002293	
0.006236	
-0.023507	
0.119521	
-0.000122	
-0.003203	
0.016020	
-0.088302	


0.000167	0.000095	-0.000054	0.000243	-0.000049	-0.000031	0.000030	-0.000166	
0.000095	0.000068	-0.000087	0.000302	-0.000034	-0.000028	0.000054	-0.000240	
-0.000054	-0.000087	0.000276	-0.000900	0.000035	0.000052	-0.000177	0.000770	
0.000243	0.000302	-0.000900	0.007118	0.000090	-0.000086	0.000654	-0.004713	
-0.000049	-0.000034	0.000035	0.000090	0.000343	0.000159	0.000016	-0.000081	
-0.000031	-0.000028	0.000052	-0.000086	0.000159	0.000098	-0.000098	0.000228	
0.000030	0.000054	-0.000177	0.000654	0.000016	-0.000098	0.000472	-0.001233	
-0.000166	-0.000240	0.000770	-0.004713	-0.000081	0.000228	-0.001233	0.008837	


