1.000000
6

1.000000	

0.027003	
-0.003844	
0.128193	
-0.048974	
0.006775	
-0.104746	


0.002964	-0.000904	0.006530	-0.003501	0.000785	-0.002409	
-0.000904	0.001875	-0.001863	0.000803	-0.001600	0.000224	
0.006530	-0.001863	0.022925	-0.009775	0.002040	-0.015503	
-0.003501	0.000803	-0.009775	0.005339	-0.000933	0.005418	
0.000785	-0.001600	0.002040	-0.000933	0.002117	-0.000496	
-0.002409	0.000224	-0.015503	0.005418	-0.000496	0.018145	


