1.000000
6

1.000000	

0.084687	
-0.005424	
0.247266	
0.983515	
0.742232	
0.908233	


0.010663	-0.002140	0.017308	0.000393	0.000118	-0.000022	
-0.002140	0.005627	-0.002881	-0.000013	-0.000002	-0.000005	
0.017308	-0.002881	0.043532	0.001386	0.000451	-0.000196	
0.000393	-0.000013	0.001386	0.000435	0.000077	-0.000083	
0.000118	-0.000002	0.000451	0.000077	0.000040	-0.000017	
-0.000022	-0.000005	-0.000196	-0.000083	-0.000017	0.000038	


