1.000000
8

1.000000	

1.119916	
-1.011658	
-0.062266	
-0.036519	
-0.223842	
0.259827	
0.020031	
0.016435	


0.278808	-0.215978	-0.006284	-0.013253	0.008921	0.026525	0.004209	0.003959	
-0.215978	0.307689	0.029755	0.009294	-0.071197	0.018820	-0.005467	0.000212	
-0.006284	0.029755	0.004748	0.000154	-0.008736	0.005145	-0.000431	0.000434	
-0.013253	0.009294	0.000154	0.001517	-0.007530	0.004410	0.000032	-0.000194	
0.008921	-0.071197	-0.008736	-0.007530	0.537549	-0.400125	-0.014235	-0.008683	
0.026525	0.018820	0.005145	0.004410	-0.400125	0.447663	0.025720	0.004470	
0.004209	-0.005467	-0.000431	0.000032	-0.014235	0.025720	0.002671	-0.000004	
0.003959	0.000212	0.000434	-0.000194	-0.008683	0.004470	-0.000004	0.000817	


