1.000000
8

1.000000	

-0.498804	
0.716152	
0.071435	
-0.056722	
0.287139	
-0.218978	
-0.021159	
0.011787	


0.353423	-0.307541	-0.030652	0.017155	-0.048101	-0.046525	-0.005331	0.006319	
-0.307541	0.353475	0.035597	-0.016458	0.110915	-0.049104	-0.003718	-0.002390	
-0.030652	0.035597	0.003787	-0.002058	0.011391	-0.005678	-0.000486	-0.000546	
0.017155	-0.016458	-0.002058	0.007926	-0.002102	-0.001394	0.000404	-0.000903	
-0.048101	0.110915	0.011391	-0.002102	0.226208	-0.207083	-0.021561	-0.006030	
-0.046525	-0.049104	-0.005678	-0.001394	-0.207083	0.368406	0.038290	-0.008318	
-0.005331	-0.003718	-0.000486	0.000404	-0.021561	0.038290	0.004228	-0.001101	
0.006319	-0.002390	-0.000546	-0.000903	-0.006030	-0.008318	-0.001101	0.003618	


