1.000000
6

1.000000	

0.000754	
0.043973	
-0.000464	
0.009004	
-0.047077	
0.000265	


0.000067	0.000063	-0.000008	-0.000119	0.000066	0.000016	
0.000063	0.001005	-0.000023	0.000099	-0.000954	0.000021	
-0.000008	-0.000023	0.000002	0.000012	0.000006	-0.000002	
-0.000119	0.000099	0.000012	0.000475	-0.000530	-0.000059	
0.000066	-0.000954	0.000006	-0.000530	0.002391	0.000052	
0.000016	0.000021	-0.000002	-0.000059	0.000052	0.000011	


