1.000000
8

1.000000	

0.012659	
-0.067774	
-0.012584	
0.208442	
-0.000790	
0.002988	
0.002244	
-0.017072	


0.000099	-0.000434	-0.000040	0.000992	-0.000008	0.000028	0.000011	-0.000101	
-0.000434	0.002382	0.000075	-0.005475	0.000015	-0.000068	-0.000029	0.000392	
-0.000040	0.000075	0.000360	-0.001963	0.000015	-0.000045	-0.000051	0.000229	
0.000992	-0.005475	-0.001963	0.025209	-0.000032	0.000167	0.000304	-0.001958	
-0.000008	0.000015	0.000015	-0.000032	0.000013	-0.000010	-0.000004	0.000022	
0.000028	-0.000068	-0.000045	0.000167	-0.000010	0.000040	0.000012	-0.000071	
0.000011	-0.000029	-0.000051	0.000304	-0.000004	0.000012	0.000019	-0.000047	
-0.000101	0.000392	0.000229	-0.001958	0.000022	-0.000071	-0.000047	0.000299	


