1.000000
6.000000

1.000000

0.026782
-0.026019
0.013532
-0.037927
0.047850
-0.021023

0.000424	 -0.000502	 0.000231	 -0.000441	 0.000769	 -0.000275	 
-0.000502	 0.000625	 -0.000287	 0.000475	 -0.000921	 0.000318	 
0.000231	 -0.000287	 0.000159	 -0.000238	 0.000443	 -0.000185	 
-0.000441	 0.000475	 -0.000238	 0.000785	 -0.001015	 0.000438	 
0.000769	 -0.000921	 0.000443	 -0.001015	 0.001714	 -0.000608	 
-0.000275	 0.000318	 -0.000185	 0.000438	 -0.000608	 0.000334	 