1.000000
8.000000

1.000000

-0.186721
-0.532137
-0.170727
0.295702
0.037918
0.060973
0.032917
-0.004387

0.136001	 0.222411	 0.116780	 -0.020171	 -0.006586	 -0.004543	 -0.006264	 -0.008471	 
0.222411	 0.381140	 0.194119	 -0.048352	 -0.011733	 -0.009593	 -0.011098	 -0.012869	 
0.116780	 0.194119	 0.102454	 -0.016835	 -0.005089	 -0.003011	 -0.004922	 -0.007258	 
-0.020171	 -0.048352	 -0.016835	 0.025385	 0.004163	 0.006004	 0.003506	 0.000015	 
-0.006586	 -0.011733	 -0.005089	 0.004163	 0.003004	 0.004001	 0.002566	 0.000397	 
-0.004543	 -0.009593	 -0.003011	 0.006004	 0.004001	 0.005769	 0.003474	 0.000122	 
-0.006264	 -0.011098	 -0.004922	 0.003506	 0.002566	 0.003474	 0.002260	 0.000387	 
-0.008471	 -0.012869	 -0.007258	 0.000015	 0.000397	 0.000122	 0.000387	 0.000743	 