1.000000
6.000000

1.000000

-0.019243
0.083564
-0.031232
0.020450
-0.084585
0.035379

0.000259	 -0.000412	 0.000183	 -0.000257	 0.000454	 -0.000200	 
-0.000412	 0.002476	 -0.001051	 0.000486	 -0.002414	 0.001142	 
0.000183	 -0.001051	 0.000618	 -0.000247	 0.000964	 -0.000617	 
-0.000257	 0.000486	 -0.000247	 0.000507	 -0.001065	 0.000445	 
0.000454	 -0.002414	 0.000964	 -0.001065	 0.005503	 -0.002172	 
-0.000200	 0.001142	 -0.000617	 0.000445	 -0.002172	 0.001152	 