1.000000
8.000000

1.000000

0.572992
0.780445
0.402567
0.247676
-0.038679
-0.058443
-0.022098
-0.001154

0.225440	 0.319779	 0.114538	 0.007346	 0.002924	 0.002753	 0.003422	 0.010053	 
0.319779	 0.480605	 0.174642	 -0.002315	 0.006291	 0.005837	 0.005767	 0.015194	 
0.114538	 0.174642	 0.066149	 0.002961	 0.001460	 0.000850	 0.001536	 0.005055	 
0.007346	 -0.002315	 0.002961	 0.030363	 -0.005415	 -0.006979	 -0.002144	 -0.000574	 
0.002924	 0.006291	 0.001460	 -0.005415	 0.002548	 0.003478	 0.001030	 0.000140	 
0.002753	 0.005837	 0.000850	 -0.006979	 0.003478	 0.005140	 0.001495	 -0.000038	 
0.003422	 0.005767	 0.001536	 -0.002144	 0.001030	 0.001495	 0.000556	 0.000237	 
0.010053	 0.015194	 0.005055	 -0.000574	 0.000140	 -0.000038	 0.000237	 0.000851	 