1.000000
8

1.000000	

0.042113	
0.049724	
0.006029	
0.022809	
-0.031104	
0.102241	
-0.003657	
-0.095379	


0.004986	0.000304	0.001160	-0.002310	-0.008628	0.003556	-0.001575	0.007435	
0.000304	0.014439	-0.000415	-0.001874	-0.002327	-0.008407	0.002778	0.010881	
0.001160	-0.000415	0.000471	0.000047	-0.002488	-0.002173	-0.000910	0.000296	
-0.002310	-0.001874	0.000047	0.003998	0.003600	-0.008611	-0.001003	-0.012395	
-0.008628	-0.002327	-0.002488	0.003600	0.036295	0.059516	0.009278	-0.012010	
0.003556	-0.008407	-0.002173	-0.008611	0.059516	0.534309	0.027355	0.047214	
-0.001575	0.002778	-0.000910	-0.001003	0.009278	0.027355	0.004428	0.003615	
0.007435	0.010881	0.000296	-0.012395	-0.012010	0.047214	0.003615	0.053976	


