1.000000
8

1.000000	

0.032836	
0.510846	
0.055597	
-0.000900	
-0.082693	
-0.637259	
-0.064056	
0.029235	


0.005509	0.041961	0.002744	0.001702	-0.007068	-0.058527	-0.002871	0.000676	
0.041961	0.342248	0.023340	0.014464	-0.062858	-0.552882	-0.031756	0.002472	
0.002744	0.023340	0.001843	0.000426	-0.003051	-0.021031	-0.001108	0.001341	
0.001702	0.014464	0.000426	0.003081	-0.011346	-0.110811	-0.007477	-0.007930	
-0.007068	-0.062858	-0.003051	-0.011346	0.137590	1.156889	0.091080	0.031443	
-0.058527	-0.552882	-0.021031	-0.110811	1.156889	11.111205	0.910786	0.297924	
-0.002871	-0.031756	-0.001108	-0.007477	0.091080	0.910786	0.077842	0.021611	
0.000676	0.002472	0.001341	-0.007930	0.031443	0.297924	0.021611	0.037912	


