1.000000
6

1.000000	

-0.519581	
-0.014741	
-0.012537	
0.512622	
0.431875	
0.607126	


0.236254	0.026325	0.027923	0.002140	-0.018203	0.014594	
0.026325	0.011941	0.010941	-0.000250	-0.004988	0.000448	
0.027923	0.010941	0.012522	-0.000369	-0.006129	0.000283	
0.002140	-0.000250	-0.000369	0.000149	0.000324	0.000451	
-0.018203	-0.004988	-0.006129	0.000324	0.004435	0.000041	
0.014594	0.000448	0.000283	0.000451	0.000041	0.001922	


