1.000000
8

1.000000	

0.016045	
0.039511	
0.518257	
-0.090269	
-0.022282	
-0.102573	
-0.129020	
-0.095703	


0.009367	-0.014887	0.010718	0.013978	-0.000528	0.008203	0.013763	0.000982	
-0.014887	0.641279	0.222191	0.142154	-0.006924	-0.041679	0.012462	-0.054654	
0.010718	0.222191	0.252714	0.074455	-0.011750	-0.020647	0.001539	-0.051768	
0.013978	0.142154	0.074455	0.101375	-0.004347	0.022107	0.052270	-0.015363	
-0.000528	-0.006924	-0.011750	-0.004347	0.010406	0.000057	-0.007249	0.013436	
0.008203	-0.041679	-0.020647	0.022107	0.000057	0.086661	0.027438	0.026237	
0.013763	0.012462	0.001539	0.052270	-0.007249	0.027438	0.051440	-0.002954	
0.000982	-0.054654	-0.051768	-0.015363	0.013436	0.026237	-0.002954	0.060916	


