1.000000
8

1.000000	

-0.232304	
-0.150910	
-0.036898	
-0.056319	
-0.002232	
0.008599	
0.005497	
-0.000720	


0.039781	0.031143	0.000461	0.005898	-0.012665	-0.007499	-0.000940	-0.006104	
0.031143	0.026217	-0.000236	0.004165	-0.007344	-0.004838	-0.000217	-0.003501	
0.000461	-0.000236	0.000502	0.000654	-0.000090	0.000081	-0.000094	-0.000157	
0.005898	0.004165	0.000654	0.002203	-0.002585	-0.000987	-0.000196	-0.001637	
-0.012665	-0.007344	-0.000090	-0.002585	0.050945	0.027307	0.004245	0.011075	
-0.007499	-0.004838	0.000081	-0.000987	0.027307	0.016559	0.001917	0.005695	
-0.000940	-0.000217	-0.000094	-0.000196	0.004245	0.001917	0.000814	0.001449	
-0.006104	-0.003501	-0.000157	-0.001637	0.011075	0.005695	0.001449	0.005723	


