1.000000
8

1.000000	

0.125252	
0.107308	
0.157389	
0.325605	
-2.636944	
-2.333529	
-2.876898	
-5.312783	


0.036628	0.041145	0.044707	0.050542	-0.178921	-0.119132	-0.051052	-0.420992	
0.041145	0.050431	0.052513	0.048253	-0.256380	-0.215375	-0.141444	-0.509807	
0.044707	0.052513	0.056483	0.057036	-0.316280	-0.265754	-0.192113	-0.617141	
0.050542	0.048253	0.057036	0.088309	-0.135814	0.002432	0.093571	-0.525191	
-0.178921	-0.256380	-0.316280	-0.135814	9.623018	10.305403	10.976034	11.615807	
-0.119132	-0.215375	-0.265754	0.002432	10.305403	12.647276	13.725073	9.808000	
-0.051052	-0.141444	-0.192113	0.093571	10.976034	13.725073	15.261498	9.729617	
-0.420992	-0.509807	-0.617141	-0.525191	11.615807	9.808000	9.729617	20.984796	


